1 Ground 32 128 736 16 
2 Ground 160 96 96 16 
3 Ground 256 64 32 16 
4 Ground 352 64 32 16 
5 Ground 288 32 64 16 
6 Ground 416 96 64 16 
7 Ground 608 32 64 16 
8 Ground 642 80 96 16 
9 Ground 898 128 160 16 
10 Ground 1184 128 256 16 
11 Ground 1408 32 96 16 
12 Ground 1504 80 64 16 
13 Ground 1376 160 512 16 
14 Ground 1600 96 224 16 
15 Ground 1728 32 192 16 
16 Ground 1920 64 64 16 
17 Ground 2016 64 64 16 
18 Ground 1856 128 224 16 
19 Ground 2112 80 32 16 
20 Ground 2048 160 160 16 
21 Ground 2176 96 96 16 
22 Ground 2240 128 64 16 
23 Ground 2336 96 64 16 
24 Ground 2336 32 32 16 
25 Ground 2368 64 96 16 
26 Ground 2464 128 64 16 
27 Ground 2496 160 64 16 
28 Ground 2528 80 32 16 
29 Ground 2496 31 32 16 
30 Ground 2592 128 64 16 
31 Ground 2624 96 160 16 
32 Ground 2720 32 96 16 
33 Ground 2848 64 64 16 
34 Ground 2944 96 64 16 
35 Ground 3008 128 128 16 
36 Ground 3040 80 96 16 
37 Ground 3136 96 32 16 
38 Ground 3168 64 32 16 
39 Ground 3008 32 256 16 
40 Ground 3232 46 96 16 
41 Sniper 307 60 24 32 
42 Brigde 768 128 128 32 
43 Brigde 1056 128 128 32 
44 Sniper 627 60 24 32 
45 Sniper 1267 156 24 32 
46 SniperHide 1329 154 24 32 
47 BlockHouse 1248 96 32 32 
48 ItemStandM 1568 97 32 32 
49 BlockHouse 1632 128 32 32 
50 SniperHide 1548 188 24 32 
51 BlockHouse 1824 127 32 32 
52 Obstacle 2048 97 32 32 
53 Obstacle 2176 192 32 32 
54 ItemStandM 2273 66 32 32 
55 Sniper 2354 123 24 32 
56 Obstacle 2753 130 32 32 
57 BlockHouse 2975 64 32 32 
58 BlockHouse 3103 64 32 32 
60 SniperBoss 3216 192 32 32 
62 Boss1 3216 192 112 184 
63 SniperBoss 3216 192 32 32 
64 Boss1Gun 3208 107 32 32 
65 Boss1Gun 3228 107 32 32 
66 Water 16 32 288 16 
67 Water 352 32 256 16 
68 Water 656 32 752 16 
69 Water 1504 32 224 16 
0 Camera 0 240 256 240 
0 Character 40 240 36 46 
